% -------------------------------------------------------------------
%  Generated by MATLAB on 28-Apr-2022 12:45:17
%  MATLAB version: 9.12.0.1884302 (R2022a)
% -------------------------------------------------------------------
                                          

edges = ...
  [0.7 1 2;
   0.4549999999999999 2 3;
   0.4549999999999999 2 4;
   0.2957499999999999 3 5;
   0.29574999999999996 3 6;
   0.29574999999999996 4 7;
   0.2957499999999999 4 8;
   0.19223749999999995 5 9;
   0.19223750000000003 5 10;
   0.19223750000000006 6 11;
   0.19223750000000006 6 12;
   0.19223750000000006 7 13;
   0.19223750000000006 7 14;
   0.19223750000000003 8 15;
   0.19223749999999995 8 16];

