% -------------------------------------------------------------------
%  Generated by MATLAB on 28-Apr-2022 12:30:57
%  MATLAB version: 9.12.0.1884302 (R2022a)
% -------------------------------------------------------------------
                                          

edges = ...
  [1 2;
   2 3;
   2 4;
   3 5;
   3 6;
   4 7;
   4 8;
   5 9;
   5 10;
   6 11;
   6 12;
   7 13;
   7 14;
   8 15;
   8 16];

