% -------------------------------------------------------------------
%  Generated by MATLAB on 28-Apr-2022 12:31:08
%  MATLAB version: 9.12.0.1884302 (R2022a)
% -------------------------------------------------------------------
                                         

nodes = ...
  [0 0;
   0 0.7;
   0.30592689738277395 1.0367992480065085;
   -0.30592689738277395 1.0367992480065085;
   0.600315323049867 1.0651456293143646;
   0.30592689738277395 1.3325492480065084;
   -0.30592689738277395 1.3325492480065084;
   -0.600315323049867 1.0651456293143646;
   0.75434635286706475 0.9501252039121626;
   0.729569437194089 1.2074433115971146;
   0.43518101152699595 1.4748469302892584;
   0.17667278323855198 1.4748469302892584;
   -0.17667278323855198 1.4748469302892584;
   -0.43518101152699595 1.4748469302892584;
   -0.729569437194089 1.2074433115971146;
   -0.75434635286706475 0.9501252039121626];

